[gd_scene load_steps=6 format=3 uid="uid://73cn3yj4qb08"]

[ext_resource type="PackedScene" uid="uid://271vu8ob0n2o" path="res://opponent.tscn" id="4_1bvp3"]
[ext_resource type="PackedScene" uid="uid://i2cf8b37hi6y" path="res://player_car.tscn" id="4_7mycd"]
[ext_resource type="Script" uid="uid://c8rds87bhp76p" path="res://camera_manager.gd" id="4_lquwl"]
[ext_resource type="PackedScene" uid="uid://b5v2fpf8igwjm" path="res://drag_strip.tscn" id="5_7mycd"]
[ext_resource type="PackedScene" uid="uid://pnjqqnux55u8" path="res://race_ui.tscn" id="5_lquwl"]

[node name="main" type="Node3D"]

[node name="OpponentVehicle" parent="." instance=ExtResource("4_1bvp3")]
transform = Transform3D(0.998545, 0.053922, 0, -0.053922, 0.998545, 0, 0, 0, 1, -2.71211, 0.360409, -18.2801)

[node name="StartCamera" type="Camera3D" parent="."]
transform = Transform3D(-1, 2.99003e-08, -8.21505e-08, 0, 0.939693, 0.34202, 8.74228e-08, 0.34202, -0.939693, 0, 5, -26)
current = true

[node name="FinishCameraPlayer" type="Camera3D" parent="."]
transform = Transform3D(1, 0, 0, 0, 1, 0, 0, 0, 1, 0, 5, 45)

[node name="FinishCameraOpponent" type="Camera3D" parent="."]
transform = Transform3D(1, 0, 0, 0, 1, 0, 0, 0, 1, 2, 5, 45)

[node name="CameraManager" type="Node" parent="." node_paths=PackedStringArray("start_camera", "finish_camera_player", "finish_camera_opponent")]
script = ExtResource("4_lquwl")
start_camera = NodePath("../StartCamera")
finish_camera_player = NodePath("../FinishCameraPlayer")
finish_camera_opponent = NodePath("../FinishCameraOpponent")

[node name="PlayerCar" parent="." instance=ExtResource("4_7mycd")]
transform = Transform3D(0.0100704, -3.63744e-11, 0.999949, 0.0216218, 0.999766, -0.000217751, -0.999716, 0.021623, 0.010068, 2.1122, 0.636132, -18.4063)

[node name="RaceUI" parent="." instance=ExtResource("5_lquwl")]

[node name="DragStrip" parent="." instance=ExtResource("5_7mycd")]
